0.024625
0.0
0.0
0.0
0.0
0.037375
0.0
0.0
0.0
0.0
0.035
0.0
0.0
0.0
0.0
0.0
0.0
0.0
0.0
0.0
0.0
0.034375
0.0
0.0
0.0
0.0
0.0175
0.0
0.0
0.0
0.0
0.03175
0.0
0.0
0.0
0.0
0.028375
0.0
0.0
0.027
0.0
0.034625
0.0
0.0
0.0
0.036000000000000004
0.0
0.0
0.02425
0.0
0.033625
0.0
0.0
0.0
0.0
0.032625
0.0
0.0
0.0185
0.0
0.029875000000000002
0.0
0.0
0.0205
0.0
0.028875
0.0
0.0
0.034
0.0
0.0
0.0
0.0
0.00625
0.0
0.035625000000000004
0.0
0.0
0.016375
0.0
0.0
0.0
0.0
0.035625000000000004
0.0
0.0
0.0
0.0
0.03375
0.0
0.0
0.036125
0.0
0.0
0.022875
0.0
0.0
0.0
0.0
0.034875
0.0
0.0
0.017875000000000002
0.0
0.0
0.0
0.0
0.03675
0.0
0.0
0.03125
0.0
0.0
0.0
0.0
0.0335
0.0
0.0
0.019625
0.0
0.0
0.0
0.0
0.034125
0.0
0.0
0.0
0.0
0.0305
0.0
0.0
0.034
0.0
0.0
0.007
0.0
0.0245
0.0
0.0
0.035500000000000004
0.0
0.0
0.02375
0.0
0.0
0.0
0.0
0.02675
0.0
0.0
0.032125
0.0
0.0
0.014625
0.0
0.023
0.0
0.0
0.033
0.0
0.0
0.02275
0.0
0.0
0.0
0.0
0.035500000000000004
0.0
0.0
0.024125
0.0
0.0
0.0
0.0
0.029125
0.0
0.0
0.03375
0.0
0.019375
0.0
0.035
0.0
0.0
0.0
0.0
0.0345
0.0
0.0
0.01575
0.0
0.0265
0.0
0.0
0.031875
0.0
0.0
0.0
0.0
0.024
0.0
0.0
0.03425
0.0
0.0
0.01875
0.0
0.0
0.0
0.0
0.0345
0.0
0.0
0.023125
0.0
0.021625000000000002
0.0
0.0
0.034875
0.0
0.0
0.0195
0.0
0.018000000000000002
0.0
0.0
0.036000000000000004
0.0
0.0
0.0
0.037125
0.0
0.0
0.02275
0.0
0.0
0.0
0.0
0.036000000000000004
0.0
0.0
0.01675
0.0
0.020625
0.0
0.0
0.034
0.0
0.0
0.03375
0.0
0.0
0.0095
0.0
0.035375000000000004
0.0
0.02625
0.0
0.029500000000000002
0.0
0.034875
0.0
0.035
0.0
0.0
0.034
0.0
0.0
0.013375
0.0
0.02075
0.0
0.0
0.036125
0.0
0.0
0.025375
0.0
0.0
0.0105
0.0
0.024875
0.0
0.0
0.035125
0.0
0.0
0.006625
0.0
0.035125
0.0
0.0
0.010625
0.0
0.034125
0.0
0.0
0.026875
0.0
0.025875000000000002
0.0
0.0
0.021875000000000002
0.0
0.0
0.00625
0.0
0.029875000000000002
0.0
0.0
0.03025
0.0
0.0
0.0073750000000000005
0.0
0.02375
0.0
0.0
0.03475
0.0
0.0
0.022625
0.0
0.0
0.011125
0.0
0.034
0.0
0.0
0.0125
0.0
0.023
0.0
0.0
0.033875
0.0
0.0
0.0
0.0
0.032375
0.0
0.0
0.016
0.0
0.023625
0.0
0.0
0.0325
0.0
0.0
0.008125
0.0
0.024875
0.0
0.0
0.035375000000000004
0.0
0.0
0.014
0.0
0.027375
0.0
0.0
0.036125
0.0
0.0
0.011625
0.0
0.0285
0.0
0.0
0.006
0.0
0.033
0.0
0.0
0.023875
0.0
0.02425
0.0
0.0
0.032375
0.0
0.0
0.01325
0.0
0.026000000000000002
0.0
0.0
0.034375
0.0
0.0
0.0
0.0
0.034125
0.0
0.0
0.033375
0.0
0.02875
0.0
0.0
0.034
0.0
0.0
0.012
0.0
0.02375
0.0
0.0
0.03375
0.0
0.0
0.018875
0.0
0.0
0.0
0.0
0.013375
0.0
0.035625000000000004
0.0
0.023125
0.0
0.0
0.035250000000000004
0.0
0.0
0.03225
0.0
0.0
0.007875
0.0
0.03175
0.0
0.0
0.030125
0.0
0.0
0.0
0.0
0.033125
0.0
0.0
0.0
0.0
0.02525
0.0
0.0
0.0345
0.0
0.0
0.011125
0.0
0.02775
0.0
0.0
0.025375
0.0
0.0
0.0
0.0
0.035750000000000004
0.0
0.0
0.007
0.0
0.024875
0.0
0.0
0.034125
0.0
0.0
0.0105
0.0
0.025625000000000002
0.0
0.0
0.034
0.0
0.0
0.0
0.0
0.034625
0.0
0.0
0.00875
0.0
0.035125
0.0
0.0
0.013375
0.0
0.026125
0.0
0.0
0.03375
0.0
0.0
0.01175
0.0
0.02925
0.0
0.0
0.034125
0.0
0.0
0.010125
0.0
0.027125
0.0
0.0
0.035250000000000004
0.0
0.0
0.01675
0.0
0.02725
0.0
0.0
0.021125
0.0
0.035625000000000004
0.0
0.028
0.0
0.0265
0.0
0.032875
0.0
0.01425
0.0
0.007125
0.0
0.006125
0.0
0.006875
0.0
0.012375
0.0
0.017375
0.0
0.007
0.0
0.00475
0.0
0.0
0.021375
0.0
0.036375
0.0
0.0
0.02525
0.0
0.0
0.008625
0.0
0.031375
0.0
0.0
0.027625
0.0
0.0
0.011875
0.0
0.031375
0.0
0.0
0.027375
0.0
0.0
0.00825
0.0
0.036625
0.0
0.0
0.014625
0.0
0.026000000000000002
0.0
0.0
0.029125
0.0
0.0
0.0
0.0
0.029750000000000002
0.0
0.0
0.022
0.0
0.022875
0.0
0.029375000000000002
0.0
0.0
0.0
0.029375000000000002
0.0
0.0
0.0
0.0
0.009000000000000001
0.0
0.0265
0.0
0.035125
0.0
0.035500000000000004
0.0
0.017375
0.0
0.0
0.03175
0.0
0.0
0.024
0.0
0.0
0.0
0.0
0.03
0.0
0.0
0.030125
0.0
0.0
0.0
0.0
0.033125
0.0
0.0
0.00925
0.0
0.025750000000000002
0.0
0.0
0.036625
0.0
0.0
0.020375
0.0
0.0
0.0
0.0
0.038125
0.0
0.0
0.00975
0.0
0.028
0.0
0.0
0.038875
0.0
0.0
0.0
0.0
0.03325
0.0
0.0
0.025125
0.0
0.0
0.0
0.0
0.0335
0.0
0.0
0.011625
0.0
0.02625
0.0
0.0
0.0245
0.0
0.0
0.0
0.0
0.032
0.0
0.0
0.027
0.0
0.0
0.0
0.0
0.03175
0.0
0.0
0.021125
0.0
0.022
0.0
0.0
0.03325
0.0
0.0275
0.0
0.0
0.0
0.0
0.0235
0.0
0.0
0.0
0.0
0.0375
0.0
0.0
0.0135
0.0
0.032875
0.0
0.0
0.013625
0.0
0.028125
0.0
0.0
0.035500000000000004
0.0
0.0
0.0
0.0
0.03
0.0
0.0
0.0225
0.0
0.0
0.0
0.0
0.03125
0.0
0.0
0.015875
0.0
0.02925
0.0
0.0
0.03075
0.0
0.0
0.013125
0.0
0.029
0.0
0.0
0.027875
0.0
0.0
0.0075
0.0
0.0335
0.0
0.0
0.027625
0.0
0.0
0.0
0.0
0.03175
0.0
0.0
0.022875
0.0
0.0
0.0
0.0
0.03
0.0
0.0
0.025625000000000002
0.0
0.0
0.011125
0.0
0.02325
0.0
0.0
0.034875
0.0
0.0
0.025750000000000002
0.0
0.0
0.0
0.0
0.030875
0.0
0.0
0.0305
0.0
0.0
0.012625
0.0
0.029625000000000002
0.0
0.0
0.035625000000000004
0.0
0.0
0.008
0.0
0.03225
0.0
0.0
0.02925
0.0
0.028375
0.0
0.0
0.027375
0.0
0.0
0.013875
0.0
0.020625
0.0
0.0
0.030875
0.0
0.0
0.0165
0.0
0.025625000000000002
0.0
0.0
0.0335
0.0
0.0
0.016375
0.0
0.02775
0.0
0.0
0.02475
0.0
0.018125
0.0
0.0
0.033125
0.0
0.0
0.03
0.0
0.0
0.0
0.0
0.029
0.0
0.0
0.03225
0.0
0.0
0.0085
0.0
0.033875
0.0
0.0
0.006125
0.0
0.033
0.0
0.0
0.0155
0.0
0.019875
0.0
0.0
0.031375
0.0
0.0
0.00625
0.0
0.035875000000000004
0.0
0.0
0.02625
0.0
0.0
0.0
0.0
0.025625000000000002
0.0
0.0
0.029500000000000002
0.0
0.0
0.01025
0.0
0.035250000000000004
0.0
0.0
0.020375
0.0
0.033375
0.0
0.023
0.0
0.035750000000000004
0.0
0.0
0.01425
0.0
0.0
0.0
0.0
0.037125
0.0
0.006125
0.0
0.008625
0.0
0.011625
0.0
0.00625
0.0
0.00575
0.0
0.0
0.0
0.025625000000000002
0.0
0.0
0.0375
0.0
0.0
0.013875
0.0
0.0245
0.0
0.0
0.03825
0.0
0.0
0.00975
0.0
0.027125
0.0
0.0
0.006875
0.0
0.035500000000000004
0.0
0.0
0.0
0.0
0.029750000000000002
0.0
0.0
0.02275
0.0
0.0
0.0
0.0
0.032
0.0
0.0
0.020875
0.0
0.02475
0.0
0.0
0.031
0.0
0.0
0.013625
0.0
0.025875000000000002
0.0
0.0
0.032625
0.0
0.0
0.0
0.0
0.0235
0.0
0.0
0.035625000000000004
0.0
0.03
0.0
0.0
0.014750000000000001
0.0
0.0
0.0
0.0
0.0335
0.0
0.0
0.011875
0.0
0.01725
0.0
0.0
0.037375
0.0
0.0
0.0085
0.0
0.03275
0.0
0.0
0.023625
0.0
0.0
0.0
0.0
0.03
0.0
0.0
0.038625
0.0
0.0
0.014875000000000001
0.0
0.0285
0.0
0.0
0.037625
0.0
0.0
0.011
0.0
0.0245
0.0
0.0
0.03325
0.0
0.0
0.019
0.0
0.01925
0.0
0.0
0.022
0.0
0.0
0.0
0.0
0.03425
0.0
0.0
0.012
0.0
0.03
0.0
0.0
0.036625
0.0
0.0
0.0105
0.0
0.032375
0.0
0.0
0.027
0.0
0.0
0.0
0.0
0.028
0.0
0.0
0.0
0.0
0.0
0.0
0.0315
0.0
0.0
0.016
0.0
0.036875
0.0
0.026000000000000002
0.0
0.01
0.0
0.013125
0.0
0.00775
0.0
0.028875
0.0
0.015125
0.0
0.033125
0.0
0.013375
0.0
0.034625
0.0
0.0
0.02
0.0
0.0
0.0
0.0
0.031625
0.0
0.0
0.015
0.0
0.0
0.0
0.0
0.037625
0.0
0.0
0.0063750000000000005
0.0
0.031125
0.0
0.0
0.022375
0.0
0.02025
0.0
0.028625
0.0
0.0
0.03775
0.0
0.0
0.0105
0.0
0.025375
0.0
0.0
0.03625
0.0
0.0
0.03325
0.0
0.0
0.01425
0.0
0.02825
0.0
0.0
0.0
0.0
0.0
0.0
0.00575
0.0
0.006
0.0
0.00625
0.0
0.019
0.0
0.016125
0.0
0.008875000000000001
0.0
0.014375
0.0
0.01375
0.0
0.0345
0.0
0.03275
0.0
0.0
0.0
0.0
0.006125
0.0
0.008125
0.0
0.020875
0.0
0.00625
0.0
0.010750000000000001
0.0
0.025375
0.0
0.014625
0.0
0.009875
0.0
0.028
0.0
0.021375
0.0
0.0105
0.0
0.010875000000000001
0.0
0.020125
0.0
0.008125
0.0
0.0165
0.0
0.034375
0.0
0.031375
0.0
0.0
0.0
0.0
0.0
0.0
0.0125
0.0
0.029875000000000002
0.0
0.0
0.032625
0.0
0.0
0.006125
0.0
0.02925
0.0
0.0
0.035
0.0
0.0
0.009375
0.0
0.025875000000000002
0.0
0.0
0.035750000000000004
0.0
0.0
0.0
0.0
0.033
0.0
0.0
0.0275
0.0
0.0
0.0
0.0
0.0345
0.0
0.0
0.0145
0.0
0.0
0.0
0.0
0.037875
0.0
0.0
0.016375
0.0
0.0
0.0
0.0
0.036375
0.0
0.0
0.0325
0.0
0.0
0.019875
0.0
0.0
0.0
0.0
0.032375
0.0
0.0
0.03925
0.0
0.0
0.0175
0.0
0.027625
0.0
0.0
0.009000000000000001
0.0
0.025875000000000002
0.0
0.0
0.01375
0.0
0.029375000000000002
0.0
0.0
0.033625
0.0
0.0
0.032625
0.0
0.0
0.006125
0.0
0.031875
0.0
0.0
0.02625
0.0
0.0
0.007875
0.0
0.0275
0.0
0.0
0.037875
0.0
0.0
0.013125
0.0
0.0
0.0
0.0
0.036125
0.0
0.0
0.019125
0.0
0.02425
0.0
0.0
0.035375000000000004
0.0
0.0
0.0225
0.0
0.0
0.0
0.0
0.025875000000000002
0.0
0.0
0.030375
0.0
0.0
0.0
0.0
0.032125
0.0
0.0
0.028625
0.0
0.0
0.0
0.0
0.02525
0.0
0.0
0.037625
0.0
0.0
0.0
0.0
0.03325
0.0
0.0
0.02275
0.0
0.0
0.0
0.0
0.035375000000000004
0.0
0.0
0.021500000000000002
0.0
0.0
0.0
0.0
0.03425
0.0
0.0
0.014625
0.0
0.02825
0.0
0.0
0.0365
0.0
0.0
0.007875
0.0
0.026625
0.0
0.0
0.035
0.0
0.0
0.00875
0.0
0.026375
0.0
0.0
0.03125
0.0
0.0
0.015
0.0
0.029125
0.0
0.0
0.033125
0.0
0.0
0.015625
0.0
0.022
0.0
0.0
0.0305
0.0
0.0
0.017
0.0
0.027
0.0
0.0
0.0365
0.0
0.0
0.0
0.0
0.026375
0.0
0.0
0.030625
0.0
0.0
0.022125
0.0
0.0
0.0
0.0
0.02625
0.0
0.0
0.032875
0.0
0.0
0.0
0.0
0.029750000000000002
0.0
0.0265
0.0
0.015
0.0
0.014625
0.0
0.02725
0.0
0.032125
0.0
0.033
0.0
0.032875
0.0
0.036000000000000004
0.0
0.033375
0.0
0.03625
0.0
0.0
0.0
0.0
0.0
0.0
0.006
0.0
0.011875
0.0
0.023625
0.0
0.033875
0.0
0.037
0.0
0.032
0.0
0.035375000000000004
0.0
0.0
0.014125
0.0
0.0
0.0
0.0
0.036125
0.0
0.0
0.010750000000000001
0.0
0.032625
0.0
0.031
0.0
0.0
0.036000000000000004
0.0
0.0
0.0275
0.0
0.039875
0.0
0.0
0.0
0.0
0.0
0.0
0.006125
0.0
0.0
0.0
0.030875
0.0
0.0
0.0
0.0
0.02075
0.0
0.0
0.033875
0.0
0.0
0.024375
0.0
0.019
0.0
0.0
0.0365
0.0
0.0
0.013000000000000001
0.0
0.0275
0.0
0.0
0.026375
0.0
0.035
0.0
0.0
0.00675
0.0
0.030125
0.0
0.0
0.035500000000000004
0.0
0.023625
0.0
0.0
0.022125
0.0
0.02375
0.0
0.0
0.038125
0.0
0.0
0.02825
0.0
0.0
0.007125
0.0
0.032875
0.0
0.0
0.013000000000000001
0.0
0.02775
0.0
0.0
0.031125
0.0
0.0
0.0
0.0
0.029875000000000002
0.0
0.0
0.037
0.0
0.0
0.017875000000000002
0.0
0.02525
0.0
0.0
0.0325
0.0
0.0
0.019875
0.0
0.026625
0.0
0.0
0.028875
0.0
0.0
0.015375
0.0
0.026125
0.0
0.0
0.035250000000000004
0.0
0.0
0.019875
0.0
0.0305
0.0
0.0
0.028375
0.0
0.0
0.0
0.0
0.03475
0.0
0.0
0.014125
0.0
0.0063750000000000005
0.0
0.03225
0.0
0.03725
0.0
0.01975
0.0
0.0
0.035875000000000004
0.0
0.0
0.007875
0.0
0.0
0.0
0.0
0.042875
0.0
0.0
0.019375
0.0
0.021875000000000002
0.0
0.0
0.032625
0.0
0.0
0.022
0.0
0.0
0.0
0.0
0.032375
0.0
0.0
0.019
0.0
0.02825
0.0
0.0
0.034125
0.0
0.0
0.00975
0.0
0.035125
0.0
0.0
0.029375000000000002
0.0
0.0
0.011625
0.0
0.026625
0.0
0.0
0.0
0.0
0.021750000000000002
0.0
0.032375
0.0
0.0
0.0
0.0
0.0
0.0
0.006
0.0
0.01675
0.0
0.035500000000000004
0.0
0.02425
0.0
0.0
0.0
0.0
0.0
0.0
0.0315
0.0
0.0
0.03725
0.0
0.0
0.018875
0.0
0.0
0.0
0.0
0.0
0.0
0.0
0.0
0.031375
0.0
0.0
0.03125
0.0
0.0
0.0
0.0
0.0
0.03325
0.0
0.0
0.01025
0.0
0.025
0.0
0.0
0.0385
0.0
0.0
0.017125
0.0
0.025375
0.0
0.0
0.028
0.0
0.0
0.0
0.0
0.032
0.0
0.0
0.006
0.0
0.009000000000000001
0.0
0.037625
0.0
0.03275
0.0
0.024625
0.0
0.0305
0.0
0.0
0.008875000000000001
0.0
0.01325
0.0
0.028875
0.0
0.026375
0.0
0.0
0.0
0.0
0.0
0.0
0.036000000000000004
0.0
0.0
0.014875000000000001
0.0
0.0
0.0
0.0
0.035625000000000004
0.0
0.0
0.0275
0.0
0.0
0.0
0.0
0.031625
0.0
0.0
0.015875
0.0
0.0
0.0
0.0
0.033375
0.0
0.0
0.035625000000000004
0.0
0.0
0.014125
0.0
0.0275
0.0
0.0
0.03675
0.0
0.0
0.022375
0.0
0.0
0.007625
0.0
0.02625
0.0
0.0
0.029375000000000002
0.0
0.0
0.020625
0.0
0.0
0.0
0.0
0.03225
0.0
0.0
0.035875000000000004
0.0
0.0
0.029875000000000002
0.0
0.03625
0.0
0.036625
0.0
0.0
0.01725
0.0
0.032
0.0
0.0305
0.0
0.025625000000000002
0.0
0.0
0.0
0.0
0.0
0.0
0.0
0.0
0.0
0.0
0.006
0.0
0.030875
0.0
0.0
0.012125
0.0
0.01925
0.0
0.0
0.0315
0.0
0.0
0.017750000000000002
0.0
0.0
0.0
0.0
0.035750000000000004
0.0
0.0
0.012125
0.0
0.02875
0.0
0.0
0.036875
0.0
0.0
0.023
0.0
0.0
0.0
0.0
0.032
0.0
0.0
0.0225
0.0
0.0
0.00725
0.0
0.030875
0.0
0.0
0.0265
0.0
0.0
0.0
0.0
0.03625
0.0
0.0
0.027625
0.0
0.0
0.0
0.0
0.031625
0.0
0.021500000000000002
0.0
0.0
0.022
0.0
0.0
0.0
0.0
0.0325
0.0
0.0
0.0325
0.0
0.0
0.006125
0.0
0.022375
0.0
0.0
0.0
0.0
0.02675
0.0
0.0335
0.0
0.0
0.0
0.0
0.0
0.0
0.0
0.0
0.0
0.0
0.0
0.0
0.0
0.0
0.0
0.028125
0.0
0.037
0.0
0.0
0.021875000000000002
0.0
0.0
0.010750000000000001
0.0
0.0
0.0
0.0
0.011875
0.0
0.024125
0.0
0.0
0.033625
0.0
0.0
0.032375
0.0
0.0
0.0
0.0
0.03225
0.0
0.0
0.024875
0.0
0.0
0.010375
0.0
0.022875
0.0
0.0
0.036000000000000004
0.0
0.0
0.014750000000000001
0.0
0.023
0.0
0.0
0.0385
0.0
0.035
0.0
0.0
0.012875000000000001
0.0
0.026125
0.0
0.0
0.03675
0.0
0.0205
0.0
0.0
0.015875
0.0
0.037875
0.0
0.035875000000000004
0.0
0.03225
0.0
0.03325
0.0
0.039875
0.0
0.028875
0.0
0.006500000000000001
0.0
0.032
0.0
0.0
0.0
0.0
0.02725
0.0
0.0
0.034
0.0
0.0
0.01675
0.0
0.0
0.0
0.0
0.02625
0.0
0.0
0.035375000000000004
0.0
0.0
0.017625000000000002
0.0
0.037
0.0
0.0
0.0195
0.0
0.0
0.0
0.03425
0.0
0.029125
0.0
0.038625
0.0
0.0
0.0
0.0
0.035250000000000004
0.0
0.0
0.0
0.0
0.038125
0.0
0.0
0.006875
0.0
0.02825
0.0
0.0
0.006125
0.0
0.03325
0.0
0.032125
0.0
0.0
0.0
0.0
0.02075
0.0
0.023
0.0
0.025750000000000002
0.0
0.033
0.0
0.035875000000000004
0.0
0.0
0.0
0.0
0.011375
0.0
0.021875000000000002
0.0
0.017375
0.0
0.033
0.0
0.025750000000000002
0.0
0.03675
0.0
0.0
0.007125
0.0
0.032
0.0
0.0
0.034125
0.0
0.0
0.01675
0.0
0.0
0.0
0.0
0.0315
0.0
0.0
0.0
0.0
0.03875
0.0
0.0
0.014875000000000001
0.0
0.023875
0.0
0.0
0.0375
0.0
0.0
0.016875
0.0
0.029750000000000002
0.0
0.0
0.019125
0.0
0.0
0.0
0.0
0.033375
0.0
0.0
0.012
0.0
0.0
0.0
0.0
0.034625
0.0
0.0
0.0
0.0
0.0275
0.0
0.0
0.035875000000000004
0.0
0.0
0.03025
0.0
0.0
0.0
0.0
0.02825
0.0
0.0
0.03375
0.0
0.0
0.011625
0.0
0.0063750000000000005
0.0
0.035875000000000004
0.0
0.035875000000000004
0.0
0.0
0.0
0.0
0.035
0.0
0.0
0.023375
0.0
0.0
0.0
0.0
0.037625
0.0
0.0
0.030875
0.0
0.0
0.0
0.0
0.036000000000000004
0.0
0.0
0.0285
0.0
0.0
0.0
0.0
0.033375
0.0
0.0
0.017375
0.0
0.021875000000000002
0.0
0.0
0.036375
0.0
0.0
0.01725
0.0
0.0
0.0
0.0
0.033125
0.0
0.0
0.020125
0.0
0.021750000000000002
0.0
0.03625
0.0
0.0
0.0063750000000000005
0.0
0.03025
0.0
0.0
0.018375
0.0
0.022125
0.0
0.0
0.03725
0.0
0.0
0.011
0.0
0.0325
0.0
0.0
0.024625
0.0
0.0
0.007125
0.0
0.03025
0.0
0.0
0.01875
0.0
0.0
0.0
0.0
0.031
0.0
0.0
0.035625000000000004
0.0
0.0
0.0
0.0
0.0
0.0
0.0
0.0
0.0
0.0
0.0
0.023
0.0
0.0
0.03625
0.0
0.0
0.01975
0.0
0.006625
0.0
0.024
0.0
0.0
0.02375
0.0
0.0
0.008125
0.0
0.026000000000000002
0.0
0.0
0.035375000000000004
0.0
0.0
0.0
0.0
0.0
0.0
0.0
0.034
0.0
0.0
0.015875
0.0
0.032625
0.0
0.0
0.027375
0.0
0.0
0.0
0.0
0.0
0.0
0.0
0.032125
0.0
0.0
0.020875
0.0
0.025375
0.0
0.0
0.033875
0.0
0.0
0.0155
0.0
0.0
0.0
0.0
0.036125
0.0
0.0
0.015125
0.0
0.032
0.0
0.0
0.0
0.031875
0.0
0.022375
0.0
0.025750000000000002
0.0
0.0375
0.0
0.03225
0.0
0.0
0.0
0.0
0.00625
0.0
0.03475
0.0
0.01025
0.0
0.0365
0.0
0.0
0.0
0.0
0.030875
0.0
0.0
0.025375
0.0
0.0
0.0
0.0
0.035750000000000004
0.0
0.0
0.0
0.0
0.0
0.0285
0.0
0.0
0.018875
0.0
0.0
0.0
0.0
0.0345
0.0
0.0
0.0063750000000000005
0.0
0.02775
0.0
0.0
0.02875
0.0
0.0
0.0
0.0
0.038
0.0
0.0
0.008125
0.0
0.0
0.0
0.0
0.038375
0.0
0.0
0.021125
0.0
0.028
0.0
0.0
0.0365
0.0
0.0
0.01225
0.0
0.036375
0.0
0.0
0.008375
0.0
0.025750000000000002
0.0
0.0
0.038375
0.0
0.0
0.0
0.0
0.031
0.0
0.0
0.03775
0.0
0.0
0.0
0.0
0.028625
0.0
0.0
0.025125
0.0
0.031125
0.0
0.0
0.037
0.0
0.038625
0.0
0.0
0.0
0.0
0.031125
0.0
0.0
0.023625
0.0
0.0
0.0
0.0
0.028875
0.0
0.0
0.03875
0.0
0.0
0.00975
0.0
0.02225
0.0
0.0
0.035500000000000004
0.0
0.0
0.029
0.0
0.0205
0.0
0.0
0.03325
0.0
0.0
0.009875
0.0
0.0285
0.0
0.0
0.0
0.0
0.036000000000000004
0.0
0.0
0.015375
0.0
0.0
0.0
0.0
0.034125
0.0
0.0
0.0
0.0
0.031875
0.0
0.035125
0.0
0.028
0.0
0.0
0.0
0.0
0.0375
0.0
0.0
0.037875
0.0
0.0
0.0135
0.0
0.027125
0.0
0.0
0.032875
0.0
0.0
0.011
0.0
0.0275
0.0
0.0
0.031125
0.0
0.0
0.0
0.0
0.034
0.0
0.0
0.0
0.0
0.033
0.0
0.0
0.034375
0.0
0.0
0.008875000000000001
0.0
0.034
0.0
0.0
0.035750000000000004
0.0
0.029375000000000002
0.0
0.0
0.034
0.0
0.0
0.0
0.0
0.009375
0.0
0.022
0.0
0.0
0.0375
0.0
0.0
0.00925
0.0
0.0
0.0
0.0
0.032
0.0
0.0
0.029625000000000002
0.0
0.032875
0.0
0.0
0.033125
0.0
0.0
0.012875000000000001
0.0
0.030125
0.0
0.0
0.035250000000000004
0.0
0.0
0.0
0.0
0.036875
0.0
0.0
0.025750000000000002
0.0
0.0
0.0
0.0
0.037375
0.0
0.0
0.018875
0.0
0.0
0.0
0.0
0.035625000000000004
0.0
0.0
0.033
0.0
0.032125
0.0
0.0
0.03
0.0
0.0
0.0
0.0
0.036375
0.0
0.0
0.03275
0.0
0.0
0.0
0.0
0.03825
0.0
0.0
0.032625
0.0
0.0
0.0
0.0
0.0335
0.0
0.0
0.01875
0.0
0.0
0.0
0.0
0.0
0.0
0.00625
0.0
0.0
0.0
0.0
0.0
0.0
0.03275
0.0
0.03025
0.0
0.0
0.0
0.0
0.0
0.0
0.032875
0.0
0.0
0.0
0.0
0.006125
0.0
0.0
0.0
0.0205
0.0
0.0
0.0
0.02425
0.0
0.0
0.037875
0.0
0.0
0.0
0.0
0.028
0.0
0.0
0.038625
0.0
0.0
0.0
0.0
0.029500000000000002
0.0
0.0
0.035250000000000004
0.0
0.0
0.0
0.0
0.0
0.0
0.0
0.0365
0.0
0.0
0.027125
0.0
0.0
0.0
0.0
0.037
0.0
0.0
0.014125
0.0
0.0
0.0
0.0
0.0345
0.0
0.038
0.0
0.0
0.0
0.0
0.0
0.0
0.00675
0.0
0.01975
0.0
0.031125
0.0
0.03825
0.0
0.02325
0.0
0.0
0.0
0.0
0.0265
0.0
0.039
0.0
0.034875
0.0
0.036625
0.0
0.037125
0.0
0.0
0.0
0.0
0.0
0.0
0.00625
0.0
0.0063750000000000005
0.0
0.00975
0.0
0.0245
0.0
0.036000000000000004
0.0
0.0275
0.0
0.0
0.0365
0.0
0.0
0.0
0.0
0.0
0.0
0.0
0.0
0.0
0.0
0.0
0.0
0.0
0.0
0.0
0.0
0.0
0.0
0.0
0.0
0.0
0.0
0.0
0.0
0.0
0.0
0.0
0.0
0.0
0.0
0.0
0.0
0.0
0.0
0.0
0.0
0.0
0.0
0.0
0.0
0.0
0.0
0.0
0.0
0.0
0.0
0.0
0.0
0.0
0.0
0.0
0.0
0.0
0.0
0.0
0.0
0.0
0.0
0.0
0.0
0.0
0.0
0.0
0.0
0.0
0.0
0.0
0.0
0.0
0.0
0.0
0.0
0.0
0.0
0.0
0.0
0.0
0.0
0.0
0.0
0.0
0.0
0.0
0.0
0.0
0.0
0.0
0.0
0.0
0.0
0.0
0.0
0.0
0.0
0.0
0.0
0.0
0.0
0.0
0.0
0.0
0.0
0.0
0.0
0.0
0.0
0.0
0.0
0.0
0.0
0.0
0.0
0.0
0.0
0.0
0.0
0.0
0.0
0.0
0.0
0.0
0.0
0.0
0.0
0.0
0.0
0.0
0.0
0.0
0.0
0.0
0.0
0.0
0.0
0.0
0.0
0.0
0.0
0.0
0.0
0.027375
0.0
0.02875
0.0
0.0
0.0
0.0
0.0
0.0
0.0
0.0
0.0
0.0
0.0
0.0
0.0
0.0
0.0
0.0
0.0
0.0
0.0
0.0
0.00625
0.0
0.0
0.0
0.0165
0.0
0.010625
0.0
0.025875000000000002
0.0
0.023125
0.0
0.0195
0.0
0.008375
0.0
0.038875
0.0
0.03125
0.0
0.038
0.0
0.0
0.0
0.0
0.0
0.0
0.0
0.021500000000000002
0.0
0.034
0.0
0.025750000000000002
0.0
0.02675
0.0
0.03675
0.0
0.006625
0.0
0.01925
0.0
0.0
0.0
0.0
0.037125
0.0
0.0
0.018125
0.0
0.0
0.0
0.0
0.025625000000000002
0.0
0.0
0.030875
0.0
0.028625
0.0
0.0
0.022875
0.0
0.0
0.0
0.0
0.038125
0.0
0.0
0.005
0.0
0.008625
0.0
0.02625
0.0
0.0
0.005875
0.0
0.025375
0.0
0.0
0.008125
0.0
0.036000000000000004
0.0
0.0
0.012
0.0
0.032
0.0
0.0
0.03275
0.0
0.0
0.01175
0.0
0.02125
0.0
0.0
0.0365
0.0
0.0
0.0185
0.0
0.0
0.00625
0.0
0.03275
0.0
0.0
0.0345
0.0
0.0
0.01825
0.0
0.021500000000000002
0.0
0.0205
0.0
0.0
0.037
0.0
0.0
0.006125
0.0
0.03475
0.0
0.0
0.035125
0.0
0.0
0.009375
0.0
0.0235
0.0
0.0
0.036625
0.0
0.0
0.01375
0.0
0.0
0.0
0.0
0.03725
0.0
0.0
0.0335
0.0
0.0
0.0085
0.0
0.03125
0.0
0.0
0.033
0.0
0.0
0.0
0.0
0.029375000000000002
0.0
0.0
0.03825
0.0
0.0
0.0125
0.0
0.0175
0.0
0.0
0.03825
0.0
0.0
0.0325
0.0
0.0
0.015125
0.0
0.035375000000000004
0.0
0.0
0.0
0.0
0.008125
0.0
0.014875000000000001
0.0
0.039125
0.0
0.0
0.01875
0.0
0.0
0.0
0.0
0.03925
0.0
0.0
0.0305
0.0
0.0
0.011125
0.0
0.00625
0.0
0.033125
0.0
0.0
0.027875
0.0
0.0
0.01175
0.0
0.0325
0.0
0.0
0.0265
0.0
0.0
0.0
0.0
0.032375
0.0
0.0
0.037375
0.0
0.0
0.009000000000000001
0.0
0.026375
0.0
0.0
0.03725
0.0
0.0
0.02225
0.0
0.0
0.0
0.0
0.035875000000000004
0.0
0.0
0.00875
0.0
0.032375
0.0
0.0
0.01225
0.0
0.02825
0.0
0.0
0.034375
0.0
0.0
0.039
0.0
0.0
0.018000000000000002
0.0
0.022125
0.0
0.0
0.037375
0.0
0.0
0.026125
0.0
0.021625000000000002
0.0
0.0
0.037375
0.0
0.0
0.018625
0.0
0.026375
0.0
0.0
0.009375
0.0
0.033
0.0
0.02325
0.0
0.028
0.0
0.034125
0.0
0.0
0.0
0.0
0.0
0.0
0.0
0.0
0.0
0.0
0.025875000000000002
0.0
0.0
0.0
0.0
0.036125
0.0
0.0
0.032125
0.0
0.0
0.006500000000000001
0.0
0.023
0.0
0.0
0.035500000000000004
0.0
0.0
0.02125
0.0
0.033
0.0
0.0
0.022625
0.0
0.03675
0.0
0.037375
0.0
0.025875000000000002
0.0
0.0
0.033375
0.0
0.0
0.017875000000000002
0.0
0.023625
0.0
0.0
0.035750000000000004
0.0
0.0
0.013375
0.0
0.020875
0.0
0.0
0.019125
0.0
0.01975
0.0
0.0
0.038375
0.0
0.0
0.0
0.0
0.0
0.0
0.0
0.0
0.005875
0.0
0.037125
0.0
0.0
0.006875
0.0
0.038125
0.0
0.0
0.0225
0.0
0.0
0.0
0.0
0.034375
0.0
0.0
0.03625
0.0
0.0
0.015375
0.0
0.0
0.0
0.0
0.034375
0.0
0.0
0.0275
0.0
0.0
0.0
0.0
0.038125
0.0
0.0
0.022625
0.0
0.0
0.0
0.0
0.034875
0.0
0.0
0.0
0.0
0.0
0.0
0.00625
0.0
0.0345
0.0
0.0
0.034625
0.0
0.0
0.014750000000000001
0.0
0.025750000000000002
0.0
0.0
0.039125
0.0
0.0
0.0165
0.0
0.0
0.0
0.0
0.0375
0.0
0.0
0.035125
0.0
0.035875000000000004
0.0
0.0
0.0
0.0
0.0
0.0
0.00625
0.0
0.02075
0.0
0.0
0.0
0.0
0.03625
0.0
0.0
0.011875
0.0
0.02425
0.0
0.0
0.038375
0.0
0.031
0.0
0.0
0.0
0.0
0.0
0.0
0.006125
0.0
0.010375
0.0
0.016125
0.0
0.034375
0.0
0.0
0.0
0.0
0.010875000000000001
0.0
0.03875
0.0
0.0
0.025375
0.0
0.033875
0.0
0.0
0.00625
0.0
0.01375
0.0
0.028125
0.0
0.027625
0.0
0.0
0.006625
0.0
0.035125
0.0
0.0
0.006
0.0
0.03825
0.0
0.0
0.0
0.037875
0.0
0.0
0.0235
0.0
0.0
0.007125
0.0
0.0285
0.0
0.0
0.034875
0.0
0.0
0.021625000000000002
0.0
0.0
0.008375
0.0
0.030125
0.0
0.0
0.032875
0.0
0.0
0.0
0.0
0.0375
0.0
0.0
0.01675
0.0
0.03175
0.0
0.0
0.03725
0.0
0.037125
0.0
0.0
0.02225
0.0
0.0
0.0
0.0
0.035625000000000004
0.0
0.0
0.021875000000000002
0.0
0.0
0.0
0.0
0.0325
0.0
0.0
0.036875
0.0
0.0
0.0
0.0
0.03075
0.0
0.0
0.032625
0.0
0.0
0.0
0.0
0.030375
0.0
0.0
0.038
0.0
0.0
0.0
0.0
0.03225
0.0
0.0
0.03825
0.0
0.0
0.017125
0.0
0.0
0.0
0.0
0.037375
0.0
0.0
0.037
0.0
0.0
0.0
0.0
0.028625
0.0
0.0
0.029500000000000002
0.0
0.0
0.0
0.0
0.0
0.0
0.0
0.037
0.0
0.0
0.02475
0.0