-8.921
-8.433
-2.574
5.239
11.587
14.028
11.587
6.704
1.821
-1.109
-2.085
-1.597
0.356
2.309
2.797
2.309
0.356
-0.132
-0.132
0.356
0.844
1.333
2.797
6.215
9.633
10.610
6.704
-0.621
-5.992
-6.480
-1.597
4.262
7.680
5.727
1.821
0.356
3.286
9.145
14.028
13.540
8.169
1.821
-1.109
2.309
9.633
16.469
18.911
15.004
8.169
2.309
1.333
4.262
9.145
11.587
9.633
5.727
3.286
4.751
10.122
15.004
14.516
8.169
-1.109
-8.433
-10.386
-7.456
-3.062
0.356
0.844
-0.132
-2.085
-3.062
-3.550
-3.062
-2.574
-2.574
-3.550
-5.503
-7.456
-7.945
-6.480
-4.038
-1.597
-0.132
-0.132
-0.132
1.333
2.309
2.309
0.356
-4.038
-8.433
-9.898
-8.921
-5.503
-2.574
-1.597
-2.574
-4.038
-4.527
-4.527
-5.503
-7.945
-11.363
-13.316
-11.363
-7.456
-3.062
-1.597
-2.085
-3.550
-3.550
-2.574
-2.574
-4.038
-5.992
-5.503
-1.597
2.797
5.727
6.215
4.262
3.774
5.239
8.657
9.633
6.704
2.309
-0.132
1.333
6.215
10.610
11.098
6.215
-0.132
-4.038
-3.062
1.333
5.727
7.192
4.751
1.821
0.844
3.286
6.704
7.192
3.774
-0.621
-2.574
-0.621
4.262
8.169
8.169
5.239
1.333
-0.132
1.821
5.239
8.169
8.169
7.192
6.215
6.215
6.704
7.192
6.704
5.727
5.239
5.239
5.727
7.680
10.610
15.493
18.911
19.887
16.958
12.563
9.145
8.169
10.122
13.051
14.516
14.516
15.004
16.958
19.887
19.887
16.958
11.098
6.215
5.239
6.704
8.657
8.169
6.215
6.215
10.122
15.981
18.911
15.981
8.169
0.844
-1.597
1.821
7.192
8.657
7.192
4.262
4.262
6.704
8.169
7.192
4.262
3.286
5.727
10.610
14.516
14.028
9.633
5.727
4.262
5.727
7.192
7.192
5.727
4.751
6.704
10.610
13.051
13.051
9.633
6.704
6.704
8.657
10.610
9.145
4.751
-0.132
-2.574
-1.109
2.309
6.215
8.657
10.610
12.075
12.563
10.610
8.169
4.751
2.797
2.797
3.286
3.774
4.262
5.727
8.169