0.0028984375000000043
0.003289062499999994
0.005160156249999996
0.0015429687500000096
0.00610546875
0.0036015625000000136
0.0032109375000000167
0.00415234375
0.0028515625000000147
0.005421874999999984
0.0010859375000000118
0.006230468750000014
0.0036718750000000024
0.0018984374999999921
0.0023320312499999964
0.004250000000000003
0.00357031250000001
0.004968749999999977
0.0013515624999999925
0.0048085937500000194
0.006371093750000005
0.003632812499999994
0.003898437499999995
0.0014960937500000076
0.003191406249999989
0.0009687500000000052
0.0017890625000000133
0.001992187500000006
0.0033359374999999804
0.005249999999999975
0.0050703124999999915
0.0020078125000000074
0.003917968749999993
0.006011718749999996
0.006785156250000005
0.0031132812499999945
0.0013671875000000116
0.001953125000000002
0.0041367187500000015
0.0038789062499999844
0.005488281250000002
0.0019257812500000008
0.003152343750000015
0.0026328124999999863
0.003164062500000001
0.003910156250000011
0.004054687499999994
0.0032656250000000007
0.001636718750000001
0.00203515625000001
0.002027343749999986
0.005011718750000016
0.00579296875
0.003597656249999997
0.003480468749999992
0.005121093750000012
0.003183593750000011
0.0016562500000000175
0.0008476562499999875
0.0018867187500000119
0.001207031249999993
0.004210937499999999
0.004949218750000008
0.0032343749999999894
0.0070898437500000015
0.005222656249999977
0.005886718750000023
0.005406249999999991
0.004679687499999991
0.003375000000000001
0.003250000000000001
0.0009804687500000041
0.0028437499999999878
0.006460937500000024
0.0030156250000000135
0.003054687499999991
0.0031250000000000075
0.004124999999999975
0.004347656249999989
0.0004726562499999948
0.003875000000000001
0.0036171874999999833
0.004820312500000013
0.0052421875000000055
0.0032226562499999877
0.0018203125000000168
0.003550781249999987
0.0037265625000000085
0.005929687500000005
0.0032890625000000055
0.0014218749999999891
0.0016874999999999937
0.001953125000000009
0.0005507812499999931
0.0017968750000000107
0.003691406250000006
0.00426171874999998
0.0036835937500000185
0.0004101562500000086
0.0020507812500000135
0.00021484375000000951
0.002464843750000014
0.00377734375
0.0016953124999999865
0.0028710937499999835
0.0022421874999999925
0.002847656250000001
0.0004960937499999892
0.0010390624999999925
0.002597656250000002
0.0016679687499999971
0.003156250000000009
0.0007968749999999881
0.002550781249999993
0.0016953125000000076
0.004410156249999997
0.0005742187500000074
0.004351562499999987
0.003484374999999983
0.0035039062500000074
0.001328125000000003
0.000585937499999999
0.002566406249999989
0.003062499999999982
0.0017460937499999963
0.0030273437500000036
0.0004882812500000072
9.375000000000008e-05
0.0017851562499999946
0.003058593749999984
0.002003906250000003
0.0041406249999999855
0.001976562499999991
0.0008867187499999919
0.003621093750000019
0.0014609374999999905
0.0020390624999999923
0.0021015625000000066
0.002253906250000009
0.0034882812500000066
0.0034804687499999766
0.003785156249999997
0.002058593749999996
0.0015781250000000088
0.004472656249999997
0.0017851562500000014
0.0016484374999999984
0.0023750000000000012
0.005164062499999974
0.0005664062500000016
0.00227734374999999
0.0026914062500000098
0.0004882812500000139
0.0037304687499999964
0.0015429687500000042
0.0015820312499999936
0.0013007812500000072
0.0025976562500000023
0.0029609374999999922
0.002886718750000005
0.00038671875
0.002847656249999997
0.0010703124999999934
0.0005117187500000109
0.0020625
0.0014531249999999883
0.002210937500000016
0.0012265625000000132
0.0033359374999999995
0.0036054687499999915
0.004015625000000001
0.0007968749999999949
0.004234374999999986
0.0028125000000000146
0.0036562499999999772
0.003109375000000003
0.0015273437500000022
0.0047500000000000155
0.002027343750000013
0.003527343749999994
0.004089843750000001
8.59374999999984e-05
0.003082031250000018
0.004652343750000001
0.00264843750000001
0.0016132812500000075
0.001980468749999992
0.002292968749999992
0.0039843750000000105
0.0016523437500000058
0.002894531249999991
0.0019687500000000013
0.0011679687500000054
0.0010546874999999914
0.0006914062500000015
0.0018476562499999875
0.003933593750000011
0.0006445312500000004
0.0013671874999999912
0.0010546875000000057
0.0006718750000000088
0.0015429687500000044
0.0035859374999999954
0.00329296875
0.0031874999999999885
0.0018867187500000043
0.0018281249999999847
0.0038125000000000025
0.0038007812499999934
0.004500000000000009
0.0014765625000000076
0.001433593750000009
0.00041015624999996394
0.0009648437499999852
0.0028671874999999917
0.0017226562500000033
0.003890624999999999
0.003785156249999988
0.005597656249999976
0.004062499999999996
0.003500000000000002
0.0014804687500000048
0.003804687500000005
0.0034570312500000052
0.0016289062499999774
0.001492187499999991
0.0020468749999999897
0.0017226562499999861
0.0027578124999999834
0.0027656250000000124
0.0017070312500000076
0.0016445312499999995
0.004464843750000001
0.0009531249999999952
0.0024453124999999866
0.001355468750000004
0.0019023437499999856
0.0022031250000000002
0.0014453125
0.0038789062500000143
0.001660156250000016
0.0007695312500000107
0.0020898437499999993
0.002910156249999997
0.004570312499999985
0.0033124999999999947
0.00321484374999998
0.0027109374999999955
0.0029960937500000022
0.00430859375000001
0.004984375000000002
0.0024921875000000057
0.0022851562500000025
0.002960937500000015
0.002929687499999977
0.0049648437499999944
0.00448828125000001
0.001621093749999996
0.0011367187500000006
0.003312500000000015
0.003992187499999991
0.0025664062500000105
0.0014296874999999865
0.0023320312499999964
0.0031054687499999906
0.0036367187500000097
0.003082031250000005
0.0013749999999999934
0.0012578125000000107
0.0010234374999999987
0.0005039062499999877
0.0029179687499999917
0.0016406249999999884
0.003035156249999996
0.0012265625
0.003718749999999992
0.005640625000000001
0.004296874999999989
0.004597656249999997
0.004722656249999975
0.0018281249999999986
0.0003164062500000118
0.004156249999999999
0.0031601562500000032
0.00299609374999999
0.005214843750000002
0.0031640624999999803
0.0031249999999999863
0.0017578125000000098
0.0034023437499999943
0.0035429687499999992
0.004507812499999983
0.0015000000000000072
0.003101562500000008
0.002296875000000031
0.0032968750000000042
0.0014687499999999933
0.0021406249999999993
0.00286328125
0.001835937499999995
0.005050781249999981
0.0036367187499999907
0.0008320312500000001
0.0024726562499999822
0.0028710937499999973
0.001230468750000005
0.0015312500000000014
0.0008124999999999938
3.906249999990896e-06
0.00026953124999998723
0.0025195312500000044
0.0013281249999999994
0.0046445312499999985
0.0010703125000000313
0.00339843750000001
0.0034374999999999952
0.002957031250000001
0.0033789062499999974
0.0034843749999999953
0.0025039062500000126
0.0012421875000000057
0.0026367187500000084
0.0034296875000000056
0.0046445312500000115
0.0010703125000000135
0.004359375000000012
0.0014999999999999799
0.0011015625000000001
0.00023828125
0.0015078125000000109
0.0023085937499999834
0.0014374999999999933
0.0019531249999999905
0.002101562500000007
0.0051562500000000054
0.0029179687499999787
0.005742187499999999
0.0005078125
0.0053671875000000065
0.0002499999999999998
0.005339843750000001
0.0027070312500000093
0.001011718749999997
0.002136718749999998
0.005699218750000017
0.00051953125
0.0036406250000000214
0.00245703125
0.003960937500000003
0.003082031250000003
0.003109374999999987
0.0033164062500000016
0.002101562500000013
0.003242187499999993
0.00109375
0.0010703125000000114
0.001722656249999995
0.0011210937500000075
0.004800781249999987
0.0021835937500000024
0.002800781250000006
0.004765625000000015
0.0012187499999999998
0.0032734375000000103
0.0029648437500000104
0.0032187500000000055
0.00290234375
0.0015664062499999895
0.0028476562500000095
0.0016171875000000001
0.005578125000000008
0.0013867187500000108
0.0008085937499999968
0.002593749999999991
0.0020781249999999884
0.0037226562499999972
0.005101562499999981
0.003054687500000014
0.0005820312499999897
0.0027343750000000024
0.0023164062499999877
0.0006249999999999862
0.0023125000000000073
0.0039843749999999905
0.0006757812500000002
0.0007460937500000375
0.0014804687500000026
0.0020195312500000118
0.003828125000000001
0.0007226562499999954
0.0010625000000000003
0.0008710937500000023
0.0029179687500000104
0.00303515625000001
0.00127734375
0.003617187499999984
0.001484374999999993
0.00089843749999999
0.0025156249999999884
0.001343749999999987
0.002996093750000011
0.005253906249999987
0.005417968749999999
0.0016445312499999928
0.0005898437500000001
0.0031132812500000015
0.0009726562499999944
0.0036874999999999747
0.001960937500000005
0.002066406250000002
0.0005625000000000074
0.002937499999999982
0.0011796874999999976
0.00079296875
0.0008164062500000001
0.00141015625
0.002949218750000009
0.005183593750000012
0.00254687500000001
0.004925781249999995
0.0041562499999999985
0.0050937499999999985
0.0022460937500000102
0.0023750000000000125
0.0024101562499999887
0.0036054687500000114
0.00450781249999999
0.003445312500000017
0.005503906250000001
0.005570312499999999
0.0056640625000000085
0.005035156249999989
0.0011992187500000214
0.003320312500000003
0.0001171875000000001
0.002546875000000003
0.0006523437500000171
0.0010742187499999944
0.0003124999999999864
0.004695312500000006
0.0033671874999999934
0.001816406250000019
0.000519531250000007
0.0010859375000000116
0.0007578125000000132
0.0016679687499999902
0.002214843749999987
0.005421875000000018
0.0016054687499999956
0.0032851562500000025
0.0010351562500000014
0.002515625000000006
0.0015585937499999892
0.002484374999999989
0.0029648437500000005
0.0016132812499999793
0.004933593749999984
0.0027539062499999886
0.0011679687499999976
0.003417968749999992
0.0033437499999999874
0.0039062500000000035
0.0030390625000000135
0.0020742187500000014
0.00109375
0.005374999999999987
0.0013828125000000001
0.005214843750000007
0.0020781250000000092
0.0016289062499999884
0.004554687499999987
0.005953124999999987
0.0021484375000000123
0.0037695312500000055
0.0033007812499999747
0.002914062500000001
0.0001289062499999949
0.0020585937499999953
0.00494921875000001
0.005304687500000014
0.004015624999999985
0.005738281249999989
0.00032421875000000506
0.006437500000000003
0.0023945312500000034
0.0038281250000000073
0.004742187499999998
0.00041796874999999994
0.0013515625000000003
0.003421874999999983
0.004421875000000004
0.0020078125
0.001328125
0.0012695312499999831
0.001371093750000003
0.0028906250000000056
0.0003671874999999999
0.0033437500000000134
0.003124999999999982
0.005328124999999987
0.0035507812499999953
0.0026249999999999863
0.0034062500000000043
0.001777343749999997
0.00269531249999999
0.002851562499999987
0.004058593749999997
0.0006874999999999867
0.00031640624999998423
0.0033828124999999917
0.0024062500000000056
0.002847656249999981
0.0044609375
0.0023593750000000246
0.0030429687500000127
0.003398437499999998
0.0026601562499999967
0.003277343749999967
0.00046874999999999304
0.0027304687499999907
0.0031289062499999984
0.0029921875000000113
0.004289062499999994
0.004679687500000006
0.0024414062500000095
0.0023593749999999882
0.00032031249999999595
0.00014062499999999492
0.0014843750000000091
0.0016914062500000093
0.004457031249999991
0.0033945312500000178
0.0014296874999999705
0.0025703125000000097
0.0025703124999999936
0.0037578124999999903
0.005691406249999994
0.0036835937499999963
0.004374999999999988
0.0004179687500000042
0.0015195312500000174
0.0030468749999999966
0.002789062499999986
0.003160156249999996
0.0026250000000000145
0.003808593750000005
0.003910156249999989
0.0008398437499999847
0.002761718750000022
0.002132812499999987
0.005390624999999994
0.0030937500000000062
0.003421874999999975
0.0048984374999999965
0.0034140625000000143
0.0026250000000000075
0.00377734375
0.0037812500000000203
0.0029570312500000195
0.0024804687499999922
0.0030898437499999928
0.0024765624999999927
0.001714843749999986
0.0032382812500000007
0.002835937500000002
0.00294921875000001
0.003941406250000029
0.00266015624999999
0.0037499999999999947
0.006777343750000002
0.0028437499999999995
0.003042968749999998
0.005343749999999998
0.006054687500000008
0.0027265625
0.004613281250000008
0.001570312500000004
0.004289062499999987
0.0025234375000000083
0.004187499999999995
0.004714843749999987
0.005421875000000012
0.0001679687499999971
0.0043437500000000125
0.0007460937500000098
0.0015429687500000044
0.0014921875000000195
0.0027187500000000115
0.002742187500000013
0.00489843750000001
0.004437499999999987
0.0035820312500000062
0.0034296874999999987
0.0012265625000000002
0.0021445312499999702
0.0023867187500000164
0.0030117187500000087
0.008152343749999996
0.00146484375
0.0052617187499999895
0.0035742187500000023
0.004480468749999991
0.002484374999999975
0.003050781250000007
0.0050195312500000205
0.003167968749999998
0.0029765624999999857
0.0017499999999999738
0.0013085937500000033
0.001207031250000018
0.002523437500000022
0.004437499999999988
0.0008359375000000224
0.004343750000000014
0.002785156250000002
0.0011601562500000084
0.003890624999999994
0.0023437499999999904
0.004195312499999991
0.0035546874999999936
0.002753906250000021
0.00420312500000001
0.001843750000000008
0.004511718750000004
0.004183593749999999
0.0017773437499999933
0.0038398437499999934
0.0028671875
0.0030156249999999988
0.0013164062500000129
0.0015351562499999946
0.0036484374999999907
0.0018085937499999765
0.0048281250000000156
0.0028906250000000078
0.004214843750000015
0.001746093749999996
0.0026718749999999907
0.002718749999999992
0.0006679687499999976
0.002550781249999995
0.004902343750000001
0.002886718749999995
0.002546875000000004
0.004703125000000002
0.003531249999999992
0.003042968750000005
0.0024765624999999788
0.0028476562500000246
0.001097656250000023
0.0015312499999999905
0.003160156250000017
0.00201953124999999
0.0032382812499999747
0.0030937499999999975
0.0027812499999999977
0.0023945312500000034
0.003355468750000011
0.0034335937499999974
0.0032851562500000042
0.0005351562500000016
0.0023984375000000013
0.0034765625000000022
0.002140625
0.0025624999999999953
0.005039062499999989
0.0049375000000000035
0.004593749999999992
0.002824218749999996
0.0032499999999999803
0.004777343750000003
0.0011523437500000067
0.003390625000000009
0.0034921874999999927
0.0043281250000000125
0.001976562500000001
0.003496093750000012
0.003007812500000012
0.0004179687500000251
0.00272265625000001
0.001933593749999997
0.0025390625000000005
0.002355468750000006
0.0042890624999999925
0.004277343750000008
0.002941406250000028
0.004601562499999995
0.003527343749999967
0.0024374999999999805
0.008597656250000012
0.0009140625000000134
0.0020000000000000152
0.003679687499999998
0.0015234375000000014
0.00146484375
0.00327343750000001
0.0017734375000000163
0.0020312499999999905
0.003226562500000007
0.0013320312500000034
0.0027226562499999816
0.002722656249999988
0.0013789062500000338
0.003363281249999988
0.0032968750000000324
0.0016796875000000058
0.004292968749999994
0.0004414062499999982
0.002359374999999989
0.00201171874999998
0.0020312499999999966
0.003929687500000006
0.002824218750000002
0.0008125000000000003
0.0029531250000000143
0.00912109375000002
0.0029257812499999805
0.0020351562499999953
0.002480468750000012
0.003339843749999994
0.004164062499999995
0.0030468749999999828
0.0029375000000000017
0.008054687499999979
0.0053398437499999896
0.00537109374999999
0.004175781249999986
0.0033554687500000025
0.0037109375000000016
0.0016523437499999889
0.0023554687500000056
0.0031562499999999985
0.0047031249999999955
0.003863281249999989
0.004492187500000001
0.006847656250000003
0.0011171875000000053
0.00034765624999999467
0.002554687499999978
0.0003789062499999765
0.0031601562499999963
0.005367187499999993
0.001085937499999995
0.0035468750000000058
0.0029765625000000287
0.00146484375
0.00221484375
0.003960937499999994
0.0031640624999999933
0.0019023437500000065
0.005656249999999976
0.003742187499999993
0.0032265625000000298
0.0019609375000000104
0.002593750000000012
0.003332031250000011
0.0035000000000000014
0.0032148437500000016
0.0050000000000000105
0.005562499999999988
0.0032617187499999816
0.0029453125000000044
0.004859375000000005
0.0012656249999999925
0.0015468750000000031
0.0017500000000000293
0.0027890625000000146
0.009296875000000003
0.003874999999999981
0.004367187500000001
0.002523437500000013
0.0012656249999999916
0.0026914062500000132
0.010101562500000003
0.003601562500000016
0.004035156250000004
0.004140624999999994
0.0034531249999999935
0.008496093749999984
0.0026015624999999867
0.0005234375000000013
0.008339843750000008
0.0038281250000000155
0.002972656250000003
0.0003515625000000133
0.0038437500000000208
0.0010585937499999892
0.001531249999999984
0.008257812499999986
0.007753906249999987
0.00720703124999999
0.009789062499999994
0.0020351562500000022
0.005960937500000003
0.00270312500000001
0.0075937499999999955
0.0057421874999999956
0.006562499999999977
0.002832031250000001
0.001554687499999984
0.0016953124999999894
0.004003906250000007
0.00422265625000004
0.004789062500000003
0.0018007812499999864
0.004984374999999992
0.0020234375000000087
0.004550781249999988
0.00472656249999999
0.004093750000000035
0.0012734375000000046
0.007757812500000009
0.007125000000000002
0.004070312500000006
0.008441406250000016
0.005937499999999994
0.0037578125000000137
0.004187500000000011
0.0029414062499999727
0.007093749999999992
0.0005117187500000009
0.0014960937499999827
0.002039062499999994
0.0017226562500000098
0.002019531249999984
0.008121093750000013
0.005578125000000014
0.007656250000000007
0.0019453124999999905
0.0015546875000000127
0.003769531249999991
0.009144531250000025
0.0027929687499999916
0.0038085937500000043
0.002652343749999997
0.003605468750000006
0.0018906250000000069
0.004000000000000016
0.0018945312500000255
0.0011171875000000051
0.006332031250000019
0.0005156249999999918
0.0009414062499999844
0.003066406249999985
0.0019492187499999879
0.004460937499999995
0.0020078125000000235
0.0035781249999999915
0.001738281249999986
0.00024218749999999978
0.0013242187500000081
0.0052226562500000025
0.0013125000000000007
0.0016445312500000101
0.005468750000000005
0.0031249999999999932
0.0012812500000000046
0.004613281249999993
0.0032031249999999924
0.0026367187500000128
0.0009062499999999939
0.0029960937499999823
0.0011640625000000065
0.0011093750000000097
0.0020859375000000027
0.0017734374999999808
0.003699218750000001
0.0009531249999999887
0.0014531250000000056
0.003394531250000018
0.001800781250000022
0.0011796875000000047
0.002492187499999979
0.0017890624999999999
0.0027460937499999825
0.0012421875000000096
0.003394531250000018
0.004542968750000012
0.006398437499999995
0.001378906249999988
0.001691406249999991
0.004367187500000003
0.0015781249999999953
0.0028359374999999817
0.0034492187500000087
0.0009179687500000117
0.001902343749999999
0.002187500000000014
0.0017695312500000044
0.002527343750000021
0.005386718749999995
0.004992187499999998
0.004062499999999986
0.004453125000000014
0.0048007812499999865
0.002851562499999985
0.0014296875000000125
0.004636718750000015
0.003785156249999995
0.0008593749999999882
0.00039843749999999775
0.0030078125000000035
0.0017031250000000028
0.002597656249999982
0.0017812499999999769
0.002734374999999996
0.0013828125000000064
0.002628906250000013
0.002375000000000001
0.002320312499999996
0.0007382812500000067
0.00230859375000001
0.0020312500000000035
0.001593749999999994
0.0009531250000000124
0.0022460937499999886
0.005234375
0.002601562500000001
0.0029414062499999996
0.003359374999999989
0.0023671874999999978
0.0029609375000000013
0.0020234374999999897
0.002574218750000011
0.0027499999999999773
0.00312109375
0.0027421875000000055
0.0016132812500000001
0.0023984375000000117
0.0021953125000000176
0.0035624999999999863
0.0010156250000000003
0.0030390624999999997
0.003394531249999983
0.00251953124999999
0.0012421875000000046
0.0015273437499999892
0.0029570312499999966
0.0020546875000000114
0.0011601562499999876
0.0026093749999999867
0.0013437500000000038
0.001976562499999986
0.0031601562499999876
0.0030781249999999784
0.003218749999999995
0.003527343749999986
0.001351562499999993
0.0032343749999999864
0.0027148437499999933
0.0013671874999999977
0.0008437500000000001
0.002527343749999993
0.0010937500000000073
0.004515624999999978
0.004238281249999998
0.0022304687500000115
0.0016523437500000002
0.0038046875000000055
0.0023906249999999926
0.003328124999999992
0.0029921875000000053
0.0027851562499999743
0.006812500000000007
0.004019531250000011
0.005980468750000005
0.003292968750000012
0.0058320312499999865
0.006707031250000006
0.004726562499999981
0.0025898437500000105
0.0023164062499999956
0.0017773437500000029
0.0034101562499999818
0.002250000000000008
0.003527343749999995
0.0015000000000000013
0.0024218750000000178
0.0035742187499999967
0.004453124999999987
0.0038632812499999948
0.006726562500000009
0.00855859375
0.007183593749999976
0.008613281250000016
0.006730468749999991
0.005285156250000004
0.003929687500000006